0
15
73
71
35
49
95
88
0
0
0
0
0
0
0
0
0
0
0
0
0
0
0
0
0
0
16
72
114
0
0
0
0
0
0
0
0
0
0
0
0
0
0
0
0
0
0
0
0
0
0
5
61
80
0
0
0
0
0
0
0
0
0
0
0
0
0
0
0
0
0
0
0
0
0
0
21
71
58
0
0
0
0
0
0
0
0
0
0
0
0
0
0
0
0
0
0
0
0
0
0
7
64
95
0
0
0
0
0
0
0
0
0
0
0
0
0
0
0
0
0
0
0
0
0
0
17
65
0
0
0
0
0
0
0
0
0
0
0
0
0
0
0
0
0
0
0
0
0
0
0
13
63
0
0
0
0
0
0
0
0
0
0
0
0
0
0
0
0
0
0
0
0
0
0
0
89
87
107
104
90
95
126
0
0
0
0
0
0
0
0.000119256
0.000266671
0.000357766
0.000477021
0.000596277
0.000800014
0.000834787
0.000954039
0.0010733
0.00133336
0.00146669
33
88
96
77
126.72
48
78
0.00253338
0
0
0
0
0
0
0
0.00360006
35.85
0
0
0
0
0
0
0.00466675
0.00480008
84
71
114
127
102
127
0.00573343
0.00586677
22.717
104.65
0.00626677
0.00640011
0.00653344
0.00666678
0.00683345
0.00700012
0
0
0.00750013
0.0076668
0.00783347
0.00800014
0.0081668
0.00833347
0.00850014
85
47
0
0
41
0
0.00966683
0.0098335
0.0100002
0.0101668
0.0103335
0.0105002
67.7333
0.0108335
0.0110002
0.0111669
0.0113335
0.0115002
0.0116669
0.0118335
0.0120002
0.0121669
0.0123335
0.0125002
0.0126669
0
13
0.0131669
0.0133336
0.0135558
0.013778
0.0140002
0.0142225
0.0144447
0.0146669
0.0148891
0.0151114
0.0153336
0.0155558
0.015778
0.0160003
0.0162225
0.0164447
0.0166669
0.0168892
0.0171114
0.0173336
0.0175558
0.0177781
0.0180003
91
0
91
25
23
54
0
0.0197781
0.0200003
0.0203337
0.020667
0.0210004
0.0213337
0.021667
0
0.0223337
0.0226671
0.0230004
0.0233337
0.0236671
0.0240004
0.0243337
0.0246671
0.0250004
0.0253338
72
98
119
92
20
0.0266671
0.0266671
0.0266671
0.0266671
38.1
0.0266671
0.0266671
84.6667
0.0266671
0.0266671
0.0266671
0.0266671
0.0266671
0.0266671
0.0266671
0.0266671
0.0266671
0.0266671
0.0266671
0.0266671
116
90
114
88
27
120
0.0266671
0.0266671
0
88.9
0.0237337
0.0237337
0.0237337
0.0237337
0.0266671
0.0266671
0.0237337
0.0237337
0.0237337
0.0237337
0.0237337
0.0237337
0.0266671
0.0266671
0.0266671
127
0
0.0266671
0.0266671
0.0266671
0.0266671
0.0266671
0.0266671
0.0266671
0.0266671
0.0266671
0.0266671
0.0266671
0.0266671
0.0266671
0.0266671
0.0266671
0.0266671
0.0266671
0.0266671
0.0266671
0.0266671
0.0266671
0.0266671
0.0266671
73
0.0237337
115
0.0237337
0.0266671
0.0266671
0.0266671
0.0266671
0.0266671
0.0266671
0.0266671
0.0266671
0.0266671
0.0266671
0.0266671
0.0266671
0.0266671
0.0266671
0.0266671
0.0266671
0.0266671
0.0266671
0.0266671
0.0266671
0.0266671
44
38
46
0.0266671
0.0266671
0.0266671
0.0266671
0.0266671
0.0266671
0.0266671
0.0266671
0.0266671
0.0266671
0.0266671
0.0266671
0.0266671
0.0266671
0.0266671
0.0266671
0.0266671
0.0266671
0.0266671
0.0266671
0.0266671
0.0266671
67
0.0266671
51
0.0266671
0.0266671
0.0266671
0.0266671
0.0266671
0.0266671
0.0266671
0.0266671
0.0266671
0.0266671
0.0266671
0.0266671
0.0266671
0.0266671
0.0266671
0.0266671
0.0266671
0.0266671
0.0266671
0.0266671
0.0266671
0.0266671
0.0266671
0.0266671
0.0266671
0.0266671
0.0266671
0.0266671
0.0266671
0.0266671
0.0266671
0.0266671
0.0266671
0.0266671
0.0266671
0.0266671
0
0
0
0
0
0
0
0
0
0
0
0
0
0
0
0
0
0
0
0
0
0
0
0
0
0
0
0
0
0
0
0
0
0
0
0
44
0
38
0
0
0
0
0
0
0
0
0
0
0
0
0
0
0
0
0
0
0
0
0
0
72
0
52
0
0
0
0
0
0
0
0
0
0
0
0
0
0
0
0
0
0
0
0
0
0
0
0
0
0
0
0
0
0
0
0
0
0
0
0
0
0
0
0
0
0
0
0
0
0
0
30
0
63
0
0
0
0
0
0
0
0
0
0
0
0
0
0
0
0
0
0
0
0
0
0
0
0
0
0
0
0
0
0
0
0
0
0
0
0
0
0
0
0
0
0
0
0
0
0
0
0
0
0
0
0
0
0
0
0
0
0
0
0
0
0
0
0
0
0
0
0
0
0
0
0
0
0
0
0
0
0
0
0
0
0
0
0
0
0
0
0
0
0
0
0
0
0
0
0
0
0
0
73
0
0
0
0
0
0
0
0
0
0
0
0
0
0
0
0
0
0
0
0
0
0
0
0
0
0
0
0
0
0
0
0
0
0
0
0
0
0
0
0
0
0
0
0
0
0
0
0
0
0
0
0
0
0
0
0
0
0
0
0
0
0
0
0
0
0
0
0
0
0
0
0
0
0
0
0
0
0
0
0
0
0
0
0
0
0
0
0
0
0
0
0
0
0
0
0
0
0
127
89
0
90
127
93
127
0
0
0
0
0
0
0
0
0
0
0
0
0
0
0
0
0
12
127
87
0
0
88
45
34
0
0
0
0
0
0
0
0
0
0
0
0
0
0
0
0
0
0
127
107
0
0
22
0
19
0
0
0
0
0
0
0
0
0
0
0
0
0
0
0
0
0
0
127
104
0
0
0
0
19
0
0
0
0
0
0
0
0
0
0
0
0
0
0
0
0
0
0
127
90
0
0
127
0
50
0
0
0
0
0
0
0
0
0
0
0
0
0
0
0
0
0
0
110
95
0
0
0
0
55
0
0
0
0
0
0
0
0
0
0
0
0
0
0
0
0
0
0
96
126
0
0
0
0
66
0
0
0
0
0
0
0
0
0
0
0
0
0
0
0
0
0
0
0
0
0
0
0
0
0
0
0
0
0
0
0
0
0
0
0
0
0
0
0
0
0
0
0
0
0
0
0
0
0
0
0
0
0
0
0
0
0
0
0
0
0
0
0
0
0
0
0
0
0
0
0
0
0
0
0
0
0
0
0
0
0
0
0
0
0
0
0
0
0
0
0
0
0
0
0
0
0
0
0
0
0
0
0
0
0
0
0
0
0
0
0
0
0
0
0
0
0
0
0
0
0
0
0
0
0
0
0
0
0
0
0
0
0
0
0
0
0
0
0
0
0
0
0
0
0
0
0
0
0
0
0
0
0
0
0
0
0
0
0
0
0
0
0
0
0
0
0
0
0
0
0
0
0
0
0
0
0
0
0
0
0
0
0
0
0
0
0
0
0
0
0
0
0
0
0
0
0
0
0
0
0
0
0
0
0
0
0
0
0
0
0
0
0
0
0
0
0
127
127
127
127
52
0
0
0
0
0
0
0
0
0
0
0
0
0
0
0
0
0
0
0
0
0
0
0
0
0
0
0
0
0
0
0
0
0
0
0
0
0
0
0
0
0
0
0
0
0
0
0
0
0
0
0
0
0
0
0
0
0
0
0
0
0
0
0
0
0
0
0
0
0
0
0
0
0
0
0
0
0
0
0
0
0
0
0
0
0
0
0
0
0
0
0
0
0
0
0
0
0
0
0
0
0
0
0
0
0
0
0
0
0
0
0
0
0
0
0
0
0
0
0
0
0
0
0
0
0
0
0
0
0
0
0
0
0
0
0
0
0
0
0
0
0
0
0
0
0
0
0
0
0
0
0
0
0
0
0
0
0
0
0
0
0
0
0
0
0
0
0
0
0
0
0
0
0
0
0
0
0
0
0
0
0
0
0
0
0
0
0
0
0
0
0
0
0
0
0
0
0
0
0
0
0
0
0
0
0
0
0
0
0
0
0
0
0
0
0
0
0
0
0
0
105
108
74
28
49
95
88
81
0
0
0
0
0
0
0
0
0
0
0
0
0
0
0
0
0
0
0
0
0
0
0
0
0
0
0
0
0
0
0
0
0
0
0
0
0
0
0
0
0
0
0
0
0
0
0
0
0
0
0
0
0
0
0
0
0
0
0
0
0
0
0
0
0
0
0
0
0
0
0
0
0
0
0
0
0
0
0
0
0
0
0
0
0
0
0
0
0
0
0
0
0
0
0
0
0
0
0
0
0
0
0
0
0
0
0
0
0
0
0
0
0
0
0
0
0
0
0
0
0
0
0
0
0
0
0
0
0
0
0
0
0
0
0
0
0
0
0
0
0
0
0
0
0
0
0
0
0
0
0
0
0
0
0
0
0
0
0
0
0
0
0
0
0
0
0
37
0
0
84
54
92
0
0
0
0
0
0
0
0
0
0
0
0
0
0
0
0
0
0
0
13.84
0
0
0
0
0
0
0
0
0
0
0
0
0
0
0
0
0
0
0
0
0
0
0
0
10.12
56.12
0
0
0
0
0
0
0
0
0
0
0
0
0
0
0
0
0
0
0
0
0
0
0
0
0
0
0
0
0
0
0
0
0
0
0
0
0
0
0
0
0
0
0
0
0
0
0
0
0
0
0
0
0
0
0
0
0
0
0
0
0
0
0
0
0
0
0
0
0
0
0
0
0
0
0
0
0
0
0
0
0
0
0
0
0
0
0
0
0
0
0
0
0
0
0
0
0
0
0
0
0
0
0
0
0
0
0
0
0
0
0
0
0
0
0
0
0
0
0
0
0
0
0
0
0
0
0
0
0
0
0
0
0
0
0
0
0
0
0
0
0
0
0
0
0
0
0
0
76.8
0
0
127
61.44
102.72
0
0
0
0
0
0
0
0
0.000128003
0
0.000384007
0.000512008
0.000640011
0
0.000896015
0.00102401
0.00115202
0
0
85.24
62.64
125.4
29.08
120.28
126.04
31.68
0
0
0
0
0
0
0
0
0
0
0
0
0
0
0
0
0
0
82.56
121.92
45.12
121.92
97.92
120
0
0
0.0057601
0.0058881
0.0060161
0.00614411
0.0062721
0.00640011
0
0
0.00688012
0.00704012
0.00720013
0.00736013
0.00752013
0.00768013
0
0
0
0.00832014
0.00848014
0.00864014
0.00880015
0.00896015
0.00912015
0
0
0.00960019
0.00976013
0.00992016
0.0100802
0.0102401
0.0104002
0
0
0.0108802
0.0110402
0.0112002
0.0113602
0.0115202
0.0116802
0
0
0
0.0123203
0.0124802
0
0
0
0
0
0
0.0138669
0.0140802
0
0
0
0
0
0
0.0155736
0.0157869
0
0
0
0
0
0
0
0.0174936
0.017707
0.0179203
0.0181336
0.0183469
0.0185604
0.0187737
0
0.0192003
0.0195204
0.0198403
0.0201604
0.0204804
0.0208003
0.0211204
0
0.0217604
0.0220804
0.0224004
0.0227204
0.0230404
0.0233604
0.0236804
0
0
0.0246404
0.0249604
0.0252804
0.0256004
0.0256004
0.0256004
0
0
0.0256004
0.0256004
0.0256004
0.0256004
0.0256004
0.0256004
0
0
0.0256004
0.0256004
0.0256004
0.0256004
0.0256004
0.0256004
0
0
0
0.0266671
0.0266671
0.0266671
0.0266671
0.0266671
0.0266671
0
0
0.0266671
0.0266671
0.0266671
0.0266671
0.0266671
0.0266671
0
0
0.0266671
0.0266671
0.0266671
0.0266671
0.0266671
0.0266671
0
0
0
0
0
0
0
0
0
0
0
0
0
0
0
0
0
0
0
0
0
0
0
0
0
0
0
0
0.0266671
0.0266671
0.0266671
0.0266671
0
0
0
0
0
0
0
0
0
0
0
0
0
0
0
0
0
0
0
0
0
0.0266671
0.0266671
0.0266671
0.0266671
0
0
0
0
0
0
0
0
0
0
0
0
0
0
0
0
0
0
0
0
0
0.0266671
0.0266671
0.0266671
0.0266671
0
0
0
0
0
0
0
0
0
0
0
0
0
0
0
0
0
0
0
0
0
0.0266671
0.0266671
0.0266671
0.0266671
0
0
0
0
0
0
0
0
0
0
0
0
0
0
0
0
0
0
0
0
0
0
0
0
0
0
0
0
0
0
0
0
0
0
0
0
0
0
0
0
0
0
0
0
0
0
0
0
0
0
0
0
0
0
0
0
0
0
0
0
0
0
0
0
0
0
0
0
0
0
0
66
0
0
0
0
0
0
0
0
0
0
0
0
0
0
0
0
0
0
0
0
0
0
0
0
0
0
0
0
0
0
0
0
0
0
0
0
0
0
0
0
0
0
0
0
0
0
0
0
0
0
0
0
0
0
0
0
0
0
0
0
0
0
0
0
0
0
0
0
0
0
0
0
0
0
0
0
0
0
0
0
0
0
0
0
0
0
0
0
0
0
0
0
0
0
0
0
0
0
0
0
0
0
0
0
0
0
0
0
0
0
0
0
0
0
0
0
0
0
0
0
0
0
0
0
0
0
0
0
0
0
0
0
0
0
0
0
0
0
0
0
0
0
0
0
0
0
0
0
0
0
0
0
0
0
0
0
0
0
0
0
0
0
0
0
0
0
0
0
0
0
0
0
0
0
0
0
0
0
0
0
0
0
0
0
0
0
0
0
0
0
0
0
0
0
0
0
0
0
0
0
0
0
0
0
0
0
0
0
0
0
0
0
0
0
0
0
0
0
0
0
0
0
0
0
0
0
0
0
0
0
0
0
0
0
0
0
0
0
0
0
0
0
0
0
0
0
0
0
0
0
117
97
0
0
0
0
127
0
0
0
0
0
0
0
0
0
0
0
0
0
0
0
0
0
0
0
0
0
0
0
0
0
0
0
0
0
0
0
0
0
0
0
0
0
0
0
0
0
0
0
0
0
0
0
0
0
0
0
0
0
0
0
0
0
0
0
0
0
0
0
0
0
0
0
0
0
0
0
0
0
0
0
0
0
0
0
0
0
0
0
0
0
0
0
0
0
0
0
0
0
0
0
0
0
0
0
0
0
0
0
0
0
0
0
0
0
0
0
0
0
0
0
0
0
0
0
0
0
0
0
0
0
0
0
0
0
0
0
0
0
0
0
0
0
0
0
0
0
0
0
0
0
0
0
0
0
0
0
0
0
0
0
0
0
0
0
0
0
0
0
0
0
0
0
0
0
0
0
0
0
0
0
0
0
0
0
0
0
0
0
0
0
0
0
0
0
0
0
0
0
0
0
0
0
0
0
0
0
0
0
0
0
0
0
0
0
0
0
0
0
0
0
0
0
0
0
0
0
0
0
0
0
0
0
0
0
0
0
0
0
0
0
0
0
0
0
0
0
0
0
0
0
0
0
0
0
0
0
0
0
0
0
0
0
0
0
0
0
0
0
0
0
0
0
0
0
0
0
0
0
0
0
0
0
0
0
0
0
0
0
0
0
0
0
0
0
0
0
0
0
0
0
0
0
0
0
0
0
0
0
0
0
0
0
0
0
0
0
0
0
0
0
0
0
0
0
0
0
0
0
0
0
0
0
0
0
0
0
0
0
0
0
0
0
0
0
0
0
0
0
0
0
0
0
0
0
0
0
0
0
0
0
0
0
0
0
0
0
0
0
0
0
0
0
0
0
0
0
0
0
0
0
0
0
0
0
0
0
0
0
0
0
0
0
0
0
0
0
0
0
0
0
0
0
0
0
0
0
0
0
0
0
0
0
0
0
0
0
0
0
0
0
0
0
0
0
0
0
0
0
0
0
0
0
0
0
0
0
0
0
0
0
0
0
0
0
0
0
0
0
0
0
0
0
0
0
0
0
0
0
0
0
0
0
0
0
0
0
0
0
0
0
0
0
0
0
0
0
0
0
0
0
0
0
0
0
0
0
0
0
0
0
0
0
0
0
0
0
0
0
0
0
0
0
0
0
0
0
0
0
0
0
0
0
0
0
0
0
0
0
0
0
0
0
0
0
0
0
0
0
0
0
0
0
0
0
0
0
0
0
0
0
0
0
0
0
0
0
0
0
0
0
0
0
0
0
0
0
0
0
0
0
0
0
0
0
0
0
0
0
0
0
0
0
0
0
0
0
0
0
0
0
0
0
0
0
0
0
0
0
0
0
0
0
0
0
0
0
0
127
127
0
0
0
0
0
0
0
0
0
0
0
0
0
0
0
0
0
0
0
0
0
0
0
0
0
0
0
0
0
0
0
0
0
0
0
0
0
0
0
0
0
0
0
0
0
0
0
0
0
0
0
0
0
0
0
0
0
0
0
0
0
0
0
0
0
0
0
0
0
0
0
0
0
0
0
0
0
0
0
0
0
0
0
0
0
0
0
0
0
0
0
0
0
0
0
0
0
0
0
0
0
0
0
0
0
0
0
0
0
0
0
0
0
0
0
0
0
0
0
0
0
0
0
0
0
0
0
0
0
0
0
0
0
0
0
0
0
0
0
0
0
0
0
0
0
0
0
0
0
0
0
0
0
0
0
0
0
0
0
0
0
0
0
0
0
0
0
0
0
0
0
0
0
0
0
0
0
0
0
0
0
0
0
0
0
0
0
0
0
0
0
0
0
0
0
0
0
0
0
0
0
0
0
0
0
0
0
0
0
0
0
0
0
0
0
0
0
0
0
0
0
0
0
0
0
0
0
0
0
0
0
0
0
0
0
0
0
0
0
0
0
0
0
0
0
0
0
0
0
0
0
0
0
0
0
0
0
0
0
0
0
0
0
0
0
0
0
0
0
0
0
0
0
0
0
0
0
0
0
0
0
0
0
0
0
0
0
0
0
0
0
0
0
0
0
0
0
0
0
0
0
0
0
0
0
0
0
0
0
0
0
0
0
0
0
0
0
0
0
0
0
0
0
0
0
0
0
0
0
0
0
0
0
0
0
0
0
0
0
0
0
0
0
0
0
0
0
0
0
0
0
0
0
0
0
0
0
0
0
0
0
0
0
0
0
0
0
0
0
0
0
0
0
0
0
0
0
0
0
0
0
0
0
0
0
0
0
0
0
0
0
0
0
0
0
0
0
0
0
0
0
0
0
0
0
0
0
0
0
0
0
0
0
0
0
0
0
0
0
0
0
0
0
0
0
0
0
0
0
0
0
0
0
0
0
0
0
0
0
0
0
0
0
0
0
0
0
0
0
0
0
0
0
0
0
0
0
0
0
0
0
0
0
0
0
0
0
0
0
0
0
0
0
0
0
0
0
0
0
0
0
0
0
0
0
0
0
0
0
0
0
0
0
0
0
0
0
0
0
0
0
0
0
0
0
0
0
0
0
0
0
0
0
0
0
0
0
0
0
0
0
0
0
0
0
0
0
0
0
0
0
0
0
0
0
0
0
0
0
0
0
0
0
0
0
0
0
0
0
0
0
0
0
0
0
0
0
0
0
0
0
0
0
0
0
0
0
0
0
0
0
0
0
0
0
0
0
0
0
0
0
0
0
0
0
0
0
0
0
0
0
0
0
0
0
0
0
0
0
0
0
0
0
0
0
0
0
0
0
0
0
0
0
0
0
0
0
0
0
0
0
0
0
0
0
0
0
0
0
0
0
0
0
0
0
0
0
0
0
0
0
0
0
0
0
0
0
0
0
0
0
0
0
0
0
0
0
0
0
0
0
0
0
0
0
0
0
0
0
0
0
0
0
0
0
0
0
0
0
0
0
0
0
0
0
0
0
0
0
0
0
0
0
0
0
0
0
0
0
0
0
0
0
0
0
0
0
0
0
0
0
0
0
0
0
0
0
0
0
0
0
0
0
0
0
0
0
0
0
0
0
0
0
0
0
0
0
0
0
0
0
0
0
0
0
0
0
0
0
0
0
0
0
0
0
0
0
0
0
0
0
0
0
0
0
0
0
0
0
0
0
0
0
0
0
0
0
0
0
0
0
0
0
0
0
0
0
0
0
0
0
0
0
0
0
0
0
0
0
0
0
0
0
0
0
0
0
0
0
0
0
0
0
0
0
0
0
-0.00666666
-0.00666666
-0.00666666
-0.00666666
-0.00666666
-0.00666666
-0.00666666
-0.00666666
-0.00666666
-0.00666666
-0.00666666
-0.00666666
-0.00666666
-0.00666666
-0.00666666
-0.00666666
-0.00666666
-0.00666666
-0.00666666
-0.00666666
-0.00666666
-0.00666666
-0.00666666
-0.00666666
-0.00666666
-0.00666666
-0.00666666
-0.00666666
-0.00666666
-0.00666666
-0.00666666
-0.00666666
-0.00666666
-0.00666666
-0.00666666
-0.00666666
-0.00666666
-0.00666666
-0.00666666
-0.00666666
-0.00666666
-0.00666666
-0.00666666
-0.00666666
-0.00666666
-0.00666666
-0.00666666
-0.00666666
-0.00666666
-0.00666666
-0.00666666
-0.00666666
-0.00666666
-0.00666666
-0.00666666
-0.00666666
-0.00666666
-0.00666666
-0.00666666
-0.00666666
-0.00666666
-0.00666666
-0.00666666
-0.00666666
-0.00666666
-0.00666666
-0.00666666
-0.00666666
-0.00666666
-0.00666666
-0.00666666
-0.00666666
-0.00666666
-0.00666666
-0.00666666
-0.00666666
-0.00666666
-0.00666666
-0.00666666
-0.00666666
-0.00666666
-0.00666666
-0.00666666
-0.00666666
-0.00666666
-0.00666666
-0.00666666
-0.00666666
-0.00666666
-0.00666666
-0.00666666
-0.00666666
-0.00666666
-0.00666666
-0.00666666
-0.00666666
-0.00666666
-0.00666666
-0.00666666
-0.00666666
-0.00666666
-0.00666666
-0.00666666
-0.00666666
-0.00666666
-0.00666666
-0.00666666
-0.00666666
-0.00666666
-0.00666666
-0.00666666
-0.00666666
-0.00666666
-0.00666666
-0.00666666
-0.00666666
-0.00666666
-0.00666666
-0.00666666
-0.00666666
-0.00666666
-0.00666666
-0.00666666
-0.00666666
-0.00666666
-0.00666666
-0.00666666
-0.00666666
-0.00666666
-0.00666666
-0.00666666
-0.00666666
-0.00666666
-0.00666666
-0.00666666
-0.00666666
-0.00666666
-0.00666666
-0.00666666
-0.00666666
-0.00666666
-0.00666666
-0.00666666
-0.00666666
-0.00666666
-0.00666666
-0.00666666
-0.00666666
-0.00666666
-0.00666666
-0.00666666
-0.00666666
-0.00666666
-0.00666666
-0.00666666
-0.00666666
-0.00666666
-0.00666666
-0.00666666
-0.00666666
-0.00666666
-0.00666666
-0.00666666
-0.00666666
-0.00666666
-0.00666666
-0.00666666
-0.00666666
-0.00666666
-0.00666666
-0.00666666
-0.00666666
-0.00666666
-0.00666666
-0.00666666
-0.00666666
-0.00666666
-0.00666666
-0.00666666
-0.00666666
-0.00666666
-0.00666666
-0.00666666
-0.00666666
-0.00666666
-0.00666666
-0.00666666
-0.00666666
-0.00666666
-0.00666666
-0.00666666
-0.00666666
-0.00666666
-0.00666666
-0.00666666
-0.00666666
-0.00666666
-0.00666666
-0.00666666
-0.00666666
-0.00666666
-0.00666666
-0.00666666
-0.00666666
-0.00666666
-0.00666666
-0.00666666
-0.00666666
-0.00666666
-0.00666666
-0.00666666
-0.00666666
-0.00666666
-0.00666666
-0.00666666
-0.00666666
-0.00666666
-0.00666666
-0.00666666
-0.00666666
-0.00666666
-0.00666666
-0.00666666
-0.00666666
-0.00666666
-0.00666666
-0.00666666
-0.00666666
-0.00666666
-0.00666666
-0.00666666
-0.00666666
-0.00666666
-0.00666666
-0.00666666
-0.00666666
-0.00666666
-0.00666666
-0.00666666
-0.00666666
-0.00666666
-0.00666666
-0.00666666
-0.00666666
-0.00666666
-0.00666666
-0.00666666
-0.00666666
-0.00666666
-0.00666666
-0.00666666
-0.00666666
-0.00666666
-0.00666666
-0.00666666
-0.00666666
-0.00666666
-0.00666666
-0.00666666
-0.00666666
-0.00666666
-0.00666666
-0.00666666
-0.00666666
-0.00666666
-0.00666666
-0.00666666
-0.00666666
-0.00666666
-0.00666666
-0.00666666
-0.00666666
-0.00666666
-0.00666666
-0.00666666
-0.00666666
-0.00666666
-0.00666666
-0.00666666
-0.00666666
-0.00666666
-0.00666666
-0.00666666
-0.00666666
-0.00666666
-0.00666666
-0.00666666
-0.00666666
-0.00666666
-0.00666666
-0.00666666
-0.00666666
-0.00666666
-0.00666666
-0.00666666
-0.00666666
-0.00666666
-0.00666666
-0.00666666
-0.00666666
-0.00666666
0
0
0
0
0
0
0
0
0
0
0
0
0
0
0
0
0
0
0
0
0
0
0
0
0
0
0
0
0
0
0
0
0
0
0
0
0
0
0
0
0
0
0
0
0
0
0
0
0
0
0
0
0
0
0
0
0
0
0
0
0
0
0
0
0
0
0
0
0
0
0
0
0
0
0
0
0
0
0
0
0
0
0
0
0
0
0
0
0
0
0
0
0
0
0
0
0
0
0
0
0
0
0
0
0
0
0
0
0
0
0
0
0
0
0
0
0
0
0
0
0
0
0
0
0
0
0
0
0
0
0
0
0
0
0
0
0
0
0
0
0
0
0
0
0
0
0
0
0
0
0
0
0
0
0
0
0
0
0
0
0
0
0
0
0
0
0
0
0
0
0
0
0
0
0
0
0
0
0
0
0
0
0
0
0
0
0
0
0
0
0
0
0
0
0
0
0
0
0
0
0
0
0
0
0
0
0
0
0
0
0
0
0
0
0
0
0
0
0
0
0
0
0
0
0
0
0
0
0
0
0
0
0
0
0
0
0
0
0
0
0
0
0
0
0
0
0
0
0
0
0
0
0
0
0
0
0
0
0
0
0
0
0
0
0
0
0
0
0
0
0
0
0
0
0
0
0
0
0
0
0
0
0
0
0
0
0
0
0
0
0
0
0
0
0
0
0
0
0
0
0
0
0
0
0
0
0
0
0
0
0
0
0
0
0
0
0
0
0
0
0
0
0
0
0
0
0
0
0
0
0
0
0
0
0
0
0
0
0
0
0
0
0
0
0
0
0
0
0
0
0
0
0
0
0
0
0
0
0
0
0
0
0
0
0
0
0
0
0
0
0
0
0
0
0
0
0
0
0
0
0
0
0
0
0
0
0
0
0
0
0
0
0
0
0
0
0
0
0
0
0
0
0
0
0
0
0
0
0
0
0
0
0
0
0
0
0
0
0
0
0
0
0
0
0
0
0
0
0
0
0
0
0
0
0
0
0
0
0
0
0
0
0
0
0
0
0
0
0
0
0
0
0
0
0
0
0
0
0
0
0
0
0
0
0
0
0
0
0
0
0
0
0
0
0
0
0
0
0
0
0
0
0
0
0
0
0
0
0
0
0
0
0
0
0
0
0
0
0
0
0
0
0
0
0
0
0
0
0
0
0
0
0
0
0
0
0
0
0
0
0
0
0
0
0
0
0
0
0
0
0
0
0
0
0
0
0
0
0
0
0
0
0
0
0
0
0
0
0
0
0
0
0
0
0
0
0
0
0
0
0
0
0
0
0
0
0
0
0
0
0
0
0
0
0
0
0
0
0
0
0
0
0
0
0
0
0
0
0
0
0
0
0
0
0
0
0
0
0
0
0
0
0
0
0
0
0
0
0
0
0
0
0
0
0
0
0
0
0
0
0
0
0
0
0
0
0
0
0
0
0
0
0
0
0
0
0
0
0
0
0
0
0
0
0
0
0
0
0
0
0
0
0
0
0
0
0
0
0
0
0
0
0
0
0
0
0
0
0
0
0
0
0
0
0
0
0
0
0
0
0
0
0
0
0
0
0
0
0
0
0
0
0
0
0
0
0
0
0
0
0
0
0
0
0
0
0
0
0
0
0
0
0
0
0
0
0
0
0
0
0
0
0
0
0
0
0
0
0
0
0
0
0
0
0
0
0
0
0
0
0
0
0
0
0
0
0
0
0
0
0
0
0
0
0
0
0
0
0
0
0
0
0
0
0
0
0
0
0
0
0
0
0
0
0
0
0
0
0
0
0
0
0
0
0
0
0
0
0
0
0
0
0
0
0
0
0
0
0
0
0
0
0
0
0
0
0
0
0
0
0
0
0
0
0
0
0
0
0
0
0
0
0
0
0
0
0
0
0
0
0
0
0
0
0
0
0
0
0
0
0
0
0
0
0
0
0
0
0
0
0
0
0
0
0
0
0
0
0
0
0
0
0
0
0
0
0
0
0
0
0
0
0
0
0
0
0
0
0
