68.3846
0
0
0
0
0
0
0
0
0
0
0
0
0
0
0
0
74.8974
118.859
127
0
52.1026
90
127
76.5256
127
0
29.3077
26.0513
0
0
26.0513
0
0
127
127
104.205
97.6923
127
127
127
127
6.51282
0
58.6154
74.8974
39.0769
127
0
0
0
0
48.8462
26.0513
0
110.718
0
0
48.8462
52.1026
58.6154
58.6154
65.1282
52.1026
61.8718
65.1282
0
0
0
0
127
45.5897
127
0
127
48.8462
127
6
7
0
0
0
0
0
0
0
0
0
0
0
0
0
0
0
0
0
0
0
0
0
0
0
0
0
0
0
0
0
0
0
0
0
0
0
0
0
0
0
0
0
0
0
0
0
0
0
0
0
0
0
0
0
0
0
0
0
0
0
0
0
0
0
0
0
0
0
0
0
0
0
0
0
0
0
0
0
0
0
0
0
0
0
0
0
0
0
0
0
0
0
0
0
0
0
0
0
0
0
0
0
0
0
0
0
0
0
0
0
0
0
0
0
0
0
0
0
0
0
0
0
0
0
0
0
0
0
0
0
0
0
0
0
0
0
0
0
0
0
0
0
0
0
0
0
0
0
0
0
0
0
0
0
0
0
0
0
0
0
0
0
0
0
0
0
0
0
0
0
0
0
0
0
0
0
0
0
