120
0
0
1
-0.993333
-0.993333
-0.993333
-0.993333
-0.993333
-0.993333
-0.993333
-0.991667
-0.99
-0.988333
-0.986667
-0.986667
-0.986667
63
118
32
1
0
84
0
0
0
0
0
0
0
0
0
0
80
19
127
1
0
0
0
0
0
0
0
0
0
0
0
-0.986667
0
-0.986667
68
2
-0.986667
-0.986667
-0.986667
-0.986667
-0.986667
-0.986667
-0.986667
-0.986667
-0.986667
-0.986667
-0.986667
-0.983333
127
-0.986667
127
2
-0.98
-0.98
-0.98
-0.98
-0.98
-0.98
-0.98
-0.98
-0.98
-0.98
-0.98
-0.98
-0.98
-0.976666
-0.973333
-0.973333
-0.973333
-0.973333
-0.97
-0.966666
-0.966666
-0.966666
-0.966666
-0.966666
-0.966666
-0.966666
-0.966666
-0.963333
-0.959999
-0.959999
-0.959999
-0.959999
-0.959999
-0.959999
-0.959999
-0.959999
-0.959999
-0.959999
-0.959999
-0.959999
-0.959999
-0.959999
-0.959999
-0.959999
-0.959999
-0.959999
-0.959999
-0.959999
-0.959999
-0.959999
-0.959999
-0.959999
-0.959999
-0.959999
-0.959999
-0.956666
-0.953333
-0.946666
-0.946666
-0.946666
-0.946666
-0.946666
-0.946666
-0.946666
-0.946666
-0.946666
-0.946666
-0.946666
-0.946666
-0.946666
-0.946666
-0.946666
-0.946666
-0.946666
-0.946666
-0.946666
-0.946666
-0.948888
-0.95111
-0.953333
-0.957777
-0.962222
-0.966666
-0.97
-0.973333
-0.973333
-0.973333
-0.973333
-0.976666
-0.98
-0.98
-0.98
-0.98
-0.98
-0.98
-0.98
-0.98
-0.98
-0.98
-0.98
-0.98
-0.98
-0.98
-0.98
-0.98
-0.98
-0.98
-0.98
-0.98
-0.98
-0.98
-0.98
-0.98
-0.98
-0.98
-0.98
-0.98
-0.98
-0.98
-0.98
-0.98
-0.98
-0.98
-0.98
-0.98
-0.98
-0.98
-0.98
-0.981667
-0.983333
-0.985
-0.986667
-0.988333
-0.99
-0.991667
-0.993333
-0.995
-0.996667
-0.998333
-1
-1.00222
-1.00444
-1.00667
-1.00889
-1.01111
-1.01333
-1.01333
-1.01333
-1.01333
-1.01333
-1.01333
-1.01333
-1.01333
-1.01333
-1.01333
-1.01333
-1.01333
-1.01333
-1.01333
-1.01333
-1.01333
-1.01333
-1.02
-1.02
-1.02
-1.02
-1.02667
-1.03
-1.03333
-1.03333
-1.03556
-1.03778
-1.04
-1.04333
-1.04667
-1.04667
-1.04667
-1.04667
-1.04667
-1.04667
-1.04667
-1.04667
-1.04667
-1.04667
-1.04667
-1.04667
-1.04667
