0
0
0
0
0
0
0
0
0
0.0733334
0.0900004
0.106667
0.153335
0.176669
0.200002
0.223336
0.24667
0.26667
0.28667
0.313338
0.323338
0.333338
0.366672
0.380005
0.380005
0.353338
0.24667
0.190002
0.133334
-0.00666791
-0.0833359
-0.160004
-0.286673
-0.380008
-0.446675
-0.513343
-0.560011
-0.600011
-0.626678
-0.653346
-0.660012
-0.660012
-0.660012
-0.660012
-0.660012
-0.656679
-0.653346
-0.636679
-0.620012
-0.6089
-0.597789
-0.586678
-0.556677
-0.526677
-0.502232
-0.477787
-0.453342
-0.406675
-0.360007
-0.322229
-0.28445
-0.246672
-0.202227
-0.157782
-0.113336
-0.0400018
0.0333328
0.0822225
0.131112
0.180002
0.293337
0.360005
0.406672
0.43334
0.413339
0.346671
0.300004
0.253336
0.213336
0.173335
0.133334
0.100001
0.0666667
0.0333328
0.0155547
0.726678
0.733345
0.760012
0.773345
0.780012
0.786679
0.786679
0.786679
0.786679
0.773345
0.746678
0.730011
0.713344
0.68001
0.633343
